54321
54321
54321
54321
54321

55555
44444
33333
22222
11111

12345
23456
34567
45678
56789

98765
87654
76543
65432
54321


EEEEE
DDDDD
CCCCC
BBBBB
AAAAA

ABCDE
BCDEF
CDEFG
DEFGH
EFGHI

*1*2*
*1*2*
*1*2*
*1*2*
*1*2*

10101
10101
10101
10101
10101

11111
00000
11111
00000
11111

10101
01010
10101
01010
10101

1
21
321
4321
54321






1
23
345
4567
56789





1
32
543
7654
98765





5
44
333
2222
11111

5
45
345
2345
12345

5
54
543
5432
54321

1
00
111
0000
11111

1
10
101
1010
10101

1
01
010
1010
10101

54321
4321
321
21
1

12345
2345
345
45
5

